0.0840431087891287 0.124085243671091 -1.02524816573683 -1.15843876691199 -0.133762463884624 1.00386409862886 0.33439038792558 -0.46447298816333 0.097325030285563 110
0.060825561155166 0.160630570955413 -0.843078154373189 -0.993322133708459 -0.147491706508462 1.03063893430401 0.327125131023189 -0.432278031793 0.0841493438318565 140
0.0991075683770642 0.196562228687286 -0.951585321060831 -1.0083142674622 -0.128433602398634 1.02746973205264 0.296001939605856 -0.388004607563853 0.198656489042163 178
0.033971547248931 0.111426134587039 -0.968358209414871 -0.998026329061137 -0.0850260315080293 0.990073342396175 0.199089999353755 -0.462381985176605 0.076370837828924 154
0.101234118428005 0.214274896907262 -0.917706723127406 -0.941727731323666 -0.118102037640653 0.964837462789401 0.242841394154347 -0.359742859272947 0.0993236152167161 146
0.0251699920308447 0.0803150394403241 -1.03736471341117 -1.01549821303891 -0.129771155069583 0.986661480009634 0.2260480287034 -0.451845893394929 0.137786900826848 112
0.0750210790804253 0.119565245932507 -0.912976331548502 -0.953194573147836 -0.0932291729925267 1.02610059443301 0.251585821180714 -0.387148431946998 0.115084856948091 141
0.0663285592153417 0.0993127588235052 -0.958447534555155 -0.987187409205592 -0.137514775100622 0.938522590329251 0.208099909709245 -0.467445640131293 0.0948787756967135 117
0.116281183599975 0.153421398238315 -1.124086171529 -0.959805125335742 -0.115542852562487 1.04641919090269 0.278588513294971 -0.411247046869984 0.179246506909963 80
0.0557830743783679 0.147265485222714 -1.04331983928079 -0.983518732645688 -0.155919142651431 0.955463407410682 0.355047011848917 -0.417126716022159 0.181970561003095 133
0.0738051482869822 0.149528008976327 -1.05402593369833 -1.02710067967029 -0.145263346260082 0.996753817087748 0.19213891974175 -0.416797452282061 0.0543987308295241 97
0.04208136456037 0.169000964904789 -1.07040994422253 -0.979288214350613 -0.117685513334788 1.02570921574735 0.268553208063951 -0.485199323495907 0.110153828764545 106
0.0703161065607519 0.164166422361374 -1.02851310746261 -0.98450501389594 -0.180077721693642 1.0462125337467 0.25845638232939 -0.426118721621843 0.153123869145509 124
0.0637421293722391 0.139719306069648 -0.995360639848387 -0.966996086681841 -0.104842673170777 1.04929621512259 0.317671835953398 -0.398490639613835 0.126831414251967 114
0.105961238790468 0.207055635019411 -0.919323539701421 -0.964169072355107 -0.12580004793525 1.03683602417181 0.31713867564017 -0.35655867426709 0.0838476360525009 161
0.140474054703625 0.335984310572164 -0.9602209762214 -0.967960821781775 -0.1913620191535 0.975918261304992 0.276363580168084 -0.411065287901043 0.0901586932973902 74
0.0722792854215997 0.148679911859227 -0.925077480057975 -0.961860033226285 -0.134341933187525 1.01600614438257 0.287184452580362 -0.42608990092788 0.0690337082143729 87
0.070043708042848 0.0886592324834434 -1.06875883502368 -0.959172726209444 -0.0853614125503553 0.97847888861578 0.280229203411963 -0.463469294489287 0.148220371441942 68
0.0322826903806164 0.0763125672566182 -1.05368411090994 -1.054366278558 -0.19399526315185 0.974508053823987 0.241717552448649 -0.455370528262702 0.0292560045611185 78
0.127417121910928 0.161296603037753 -1.05756020232144 -0.898364638478641 -0.0776244446073117 1.01527872401169 0.237132181360683 -0.469560779147013 0.225206828106768 133
0.105582852831778 0.0980321682915946 -1.09429688853882 -0.997442341720096 -0.154010381247907 1.00505408042914 0.279547558800291 -0.46370662059183 0.0890903685800564 64
0.0512189759053848 0.076726756503003 -1.02151277485516 -1.02497477419343 -0.142895784302606 1.01003599710717 0.292175853262871 -0.465076347384164 0.144132474328605 78
0.0204419718298295 0.0807233609100157 -1.10202484691679 -1.06108037612984 -0.181042618422167 0.987921834496843 0.237005177598072 -0.515028515548945 0.0473236352947812 89
0.0171203464179351 0.104466324086222 -0.981223384113286 -0.95820872294093 -0.1529237703517 1.014076998542 0.289717058218997 -0.441106964268005 0.184032764470562 64
0.0631735446641088 0.107366661964281 -1.03021654601968 -1.05043619436189 -0.162445798704438 1.00321604725957 0.349564586753788 -0.433586802178332 0.118854331114928 89
0.0726333574396841 0.144992924244756 -0.899506166794006 -1.00507858291214 -0.181016706400065 1.01939008950116 0.252170354809551 -0.444999904351312 0.123587787936141 119
0.0919584370648162 0.147435919174884 -0.960290764262554 -1.06336265966477 -0.199382379046186 0.981166540788708 0.265481531040813 -0.490406008415233 0.078457313019919 112
0.124240183686608 0.182690559628138 -0.951707542263019 -0.896153080572648 -0.132174322387788 1.02058579998578 0.277884376240004 -0.381096825507536 0.151632173450572 133
0.151155676536202 0.178140862757779 -0.967894828620917 -0.860115342604887 -0.152984977291101 1.00672288238534 0.301406646549925 -0.330014268165787 0.0648335089755259 120
0.0564309702155141 0.117282632819132 -0.947437359050711 -1.01721405638538 -0.125119302357502 1.01532549176376 0.282613856931894 -0.403613528554598 0.114875809439341 76
0.0670143798429738 0.120258612443413 -0.994286036867299 -1.01367674980755 -0.172589444806051 0.979647118461754 0.241948335216879 -0.45172660060629 0.152398466079738 128
0.0751639129446835 0.115233945935214 -0.998304784034704 -1.03557058525127 -0.106960103037504 1.03444438346158 0.273575669337494 -0.456212299133953 0.1182854495848 94
0.116222257891901 0.217648244105446 -0.940479113714766 -0.951545866674789 -0.122138046744559 0.964068532473134 0.309857652209019 -0.4316598799374 0.0984217943916188 154
0.0842621189254347 0.160520765498279 -1.02058688500175 -1.04328057982721 -0.148762620782426 1.00986880161157 0.294392255887495 -0.456212721353782 0.197846378184655 92
0.0339771648656893 0.0585836154420284 -1.05294657326594 -1.0263317442354 -0.15418510411238 1.01609700056326 0.273220033558428 -0.425948392126012 0.147070861549158 79
0.0461132301166059 0.111609564436912 -1.07271752834111 -0.982538057142213 -0.149114233211328 1.03095106278443 0.27617038478075 -0.386897152407741 0.15771742973697 70
0.0206923988913388 0.0672332653094814 -1.10794923907287 -1.02948555856118 -0.101324866308618 1.01207674080376 0.336105112202645 -0.463871657495884 0.187286416321761 73
0.0910263722524552 0.138507069890844 -0.994906642405912 -1.09611983518739 -0.193545683161273 1.03087730334815 0.375298066728099 -0.452672032555933 0.199234399261975 84
0.0541015977330755 0.114892179547505 -1.02016595885474 -1.10827661183386 -0.135595375637851 0.966149998987457 0.272319644837085 -0.458073799057338 0.175623023251214 80
0.107464352421939 0.143257777419116 -1.08841973339726 -1.04004972829319 -0.140707998383079 1.01610585748689 0.208457441342791 -0.402192268544664 0.11193449498995 70
0.0699393784303195 0.135541550437327 -1.04106235851443 -1.09578783482381 -0.155698091544436 1.06560356482595 0.344316779976829 -0.386916614026683 0.201074134011178 83
0.103271591300104 0.0939460063365384 -1.0334528678634 -1.06040849099784 -0.10640074630604 1.00301334981837 0.300681710981333 -0.38889646534054 0.17344736775473 122
0.0733063727058517 0.147503274491658 -1.05637310026561 -1.05510968426281 -0.105616127903568 1.00172373022856 0.22459607746299 -0.431886420460482 0.172649708867825 100
0.102087372111075 0.126305470829805 -1.00316740145949 -0.941608814706556 -0.159255914729794 0.994161600207913 0.340159106572234 -0.395840981588047 0.224588209681536 106
0.115398829174794 0.144675598207297 -0.998735562044086 -0.970095509545068 -0.122196548619628 1.06744382894811 0.26165509157118 -0.423229801361171 0.204827650065208 120
0.116635429067963 0.134397332279266 -0.982621057117238 -0.991871232148584 -0.1268875239987 1.02476363407883 0.287875444586588 -0.366504045425676 0.231287302202334 129
0.124420011355932 0.175433330834897 -0.975543239286964 -0.993195729656128 -0.159744348044356 1.0104286838404 0.222516269086928 -0.335987661723154 0.212100807294633 117
0.133817406750641 0.14561745074473 -0.876733409719465 -0.980437384770982 -0.14153369010372 1.06616698414892 0.215124867704869 -0.410502215707786 0.189958665035094 138
0.142593063198767 0.167027222497971 -0.943880650623137 -0.934590820648035 -0.13786561460313 1.03651152799713 0.228579524120652 -0.411754431836661 0.207919484433586 115
0.158295046102947 0.195620497919262 -0.982875508516155 -1.01417835975681 -0.134802879715678 0.995736635297852 0.338692511077219 -0.367441417321196 0.178136965704346 135
0.133345025113037 0.133312081217235 -0.976305691174146 -0.996255999691312 -0.0849524665708769 1.03527324823644 0.276514703329874 -0.359039224991728 0.212963029258338 132
0.112957071911914 0.126289845667186 -0.959845241598376 -0.954502268236111 -0.167127717935883 1.01479360106082 0.272058754779786 -0.354395382555718 0.182286419701696 122
0.105217676042073 0.169001097442805 -0.955965220666988 -1.01563119834935 -0.111274242546116 0.999132040638021 0.257310395305404 -0.408846316204256 0.233639998644887 134
0.152379673538962 0.188574859750353 -1.00712968622063 -0.990276860599724 -0.183005849416239 1.02625673885033 0.264238890369833 -0.398218664660217 0.114651228041518 119
0.156567169640431 0.154920434279187 -1.01116171670644 -0.93160194591643 -0.129692278793563 0.999046560208996 0.351567493119974 -0.474511995541373 0.132162396252419 62
0.0887149941203976 0.103787948523171 -0.989523758343191 -0.939107707393549 -0.123022738302292 1.01268465695982 0.294893501738629 -0.372820707348285 0.0685838890022761 94
0.114739012718719 0.115477209969368 -0.960290904996581 -0.920039903319989 -0.0848596881744776 0.979833109204481 0.222351155056718 -0.330942797591018 0.156462206961482 76
0.102831943827318 0.0817471107198649 -1.10138948208292 -0.983783156374401 -0.119111924978256 1.04655323611573 0.330079691647147 -0.404071672623937 0.0542465969028977 77
0.147752868391778 0.165192728797298 -0.977978582547402 -0.98677436288473 -0.12275206119264 1.01147559249884 0.316834717955037 -0.372479390801928 0.187652103017259 95
