24.3 25 8.4 8.6 26.6 75.59 32.87 15.29 28.93 25.21 110
26.3 28.7 11 10.8 27.6 81.55 34.2 16.47 29.68 26.35 140
28.5 30.9 10.3 11.2 29.6 85.41 34.99 18.11 33.52 25.31 178
26.5 28.4 10.2 11.4 31 82.49 32.4 17.65 32.82 29.46 154
28 30.8 10.4 11.6 28.8 77.69 32.6 18.36 30.6 26.59 146
23.8 25 8.7 10.3 27.4 76.34 30.81 16.41 31.46 25.89 112
26.3 27.2 10.2 11.2 28.8 79.86 31.53 17.19 29.96 25.46 141
25 25.6 9.4 10.5 26.9 72.4 30.36 16.3 30.9 27.02 117
22.4 22.9 6.8 9.3 23.6 68.29 26.98 13.98 26.26 20.38 80
25.2 27.3 8.8 10.8 27.1 75.56 35.31 16.67 31.6 24.43 133
23 24.5 7.8 9.3 24.7 70.63 27.37 15.6 27.01 25.01 97
23.8 26.7 8.2 10.4 26.9 76.59 30.7 15.15 29.67 25.39 106
25 27.1 8.7 10.5 25.8 80.11 31.11 16.3 30.61 24.65 124
24 25.6 8.7 10.3 26.6 76.27 31.07 15.55 27.71 23.16 114
28.7 31.2 10.6 11.6 29.3 85.01 35.1 18.19 29.87 26.53 161
23.4 27.7 7.9 9 21.5 63.47 27.08 14.07 24.81 21.84 74
22.7 24.2 8.7 9.6 24 68.99 28.41 14.4 25.48 23.11 87
20.4 20.6 6.9 8.9 23.2 61.12 26.09 12.93 25.33 20.54 68
20.7 21.5 7.4 8.6 22.5 66.53 27.59 14.39 25.66 24.62 78
27.9 28.4 8.9 12 29.5 79.64 31.43 16.29 33.95 24.69 133
21.4 21 6.8 8.7 22.2 64.57 26.74 13.26 24.92 21.97 64
21.6 22 7.8 9 23.9 68.98 28.72 14.02 27.44 22.38 78
21.4 22.6 7.4 9 24 70.81 28.81 14.39 27.96 26.15 89
19.1 20.7 7.4 8.7 21.3 62.38 25.8 12.88 25.18 19.41 64
22.7 23.5 8 9.1 24.4 71.51 31.53 14.78 27.34 23.11 89
24.2 25.7 9.5 9.8 24.6 74.65 29.71 15.44 29.06 24.4 119
25.6 26.7 9.3 9.7 25.5 76.3 32.06 15.81 30.47 27.27 112
26.1 27.2 9.2 11.1 25.9 74.58 30.31 16.11 28.6 23.08 133
23.1 23.3 7.8 9.9 21.8 63.43 26.72 14.41 22.6 20.62 120
24.8 26.1 9.5 10.2 27.3 77.64 31.87 16.54 29.41 25 76
22.9 23.9 8.3 9.4 24 69.64 28.72 15.02 29.09 23.45 128
26.8 27.6 9.6 10.7 29.7 84.23 33.58 16.87 32.07 27.13 94
23.2 25.2 8.3 9.4 23.5 63.63 28.32 13.92 25.32 22.03 154
21.7 23.1 7.5 8.5 22.9 66.51 27.75 13.61 27.37 20.69 92
20.4 20.8 7.3 8.7 22.9 67.28 27.37 14.1 26.36 21.41 79
20.6 21.8 7.1 9 22.7 67.21 26.96 14.29 25.66 20.53 70
21.2 22.1 7.3 9.2 25.5 70.45 30.4 14.12 28.45 21.83 73
22.7 23.5 8 8.4 23 71.49 31.25 14 28.06 21.17 84
20.9 22 7.5 8 23.4 64.42 27.69 13.91 27.6 21.53 80
22.7 23.2 7.2 8.8 23.8 68.9 26.5 15 26.57 22.68 70
25.2 26.6 8.7 9.6 27.2 83.67 34.25 16.78 31.07 23.38 83
24.9 24.4 8.4 9.5 27.1 74.68 31.57 16.24 29.56 23.13 122
25.1 26.7 8.5 9.9 28.1 77.28 30.63 16.61 31.85 24.95 100
26 26.3 9 11 26.3 76.19 33.66 16.45 31.31 22.79 106
26.9 27.3 9.2 10.9 27.8 82.57 31.4 16.43 31.89 23.87 120
26.5 26.6 9.2 10.5 27.3 78.45 32.01 17.02 31.4 22.64 129
28.7 29.7 9.9 11.2 28.3 83.23 32.61 19.17 33.61 24.9 117
26.6 26.5 10 10.3 26.1 79.09 28.93 16.14 30.52 23.33 138
27.8 28 9.7 11.2 27.1 79.65 30.47 16.72 32.07 23.9 115
28.2 28.7 9.3 10.4 27.5 77.67 34.21 17.14 30.49 23.7 135
27.1 26.7 9.3 10.5 28.5 78.96 31.53 17.09 30.84 22.82 132
27.5 27.5 9.8 11.3 27.2 80.96 32.95 18.02 31.64 24.45 122
26.2 27.5 9.4 10.2 27.6 76.2 31.16 16.58 32.27 23.19 134
23.1 23.5 7.5 8.8 21.7 66.4 26.5 14.11 24.92 21.19 119
26.6 26.1 8.6 10.7 26 73.24 32.5 14.7 28.86 23.94 62
23 23.1 8.2 9.9 24.4 69.07 28.74 15.08 24.99 22.68 94
25 24.7 8.9 10.6 26.5 69.86 28.32 16.72 28.01 22.45 76
22.7 22 7.2 9.4 24.4 70.89 29.28 14.38 24.51 22.7 77
23.2 23.2 7.8 8.9 23.1 65.3 27.73 14.19 25.57 19.61 95
