-0.171197086904579 0.810511415653089 0.824238402622022 1.06364758917316 0.742501805088728 0.396707369347949 -0.102738749833367 0.319189060089084 0.333375780313037 -1.93679846870406
-0.128724803867358 0.798342243020579 0.776746740631754 1.08403515229371 0.713404872375641 0.366770471185525 -0.0648889180217065 0.232779165418235 0.326980318488589 -2.60215277267981
-0.234185794041506 0.836912485934432 0.856964471032301 1.12016553223044 0.76728768146869 0.46270979146207 0.0397042088549103 0.279447622273434 0.295175573379738 -1.12006083207559
-0.179870204933402 0.860979817012442 0.800911996863412 1.09559300027041 0.725498813116255 0.355230273721221 -0.109781157019945 0.275118758571929 0.3391093771277 -2.10099654524167
-0.284414609111949 0.784828179024332 0.919172547456624 1.08169885353199 0.756602753030054 0.475089212375405 -0.0383366393466265 0.305751781379859 0.316690339797034 -0.954404025202189
-0.211332408967191 0.809136816733261 0.808810768672314 1.07730612847841 0.737235324244488 0.397590451623086 -0.0583789205950415 0.324738856784573 0.344462217081973 -1.34920729245755
-0.202873364461119 0.897844805412803 0.860531279666929 1.10232535687074 0.711817674648203 0.40013452679553 -0.0773060285576938 0.296637845267981 0.319238475099351 -1.450010175506
-0.168682869424842 0.83903067379638 0.825053420175551 1.05285900619754 0.718415788939183 0.409654720147638 -0.082683067427155 0.218127334061529 0.306487627952914 -1.91875915998936
-0.183962099899905 0.82731765523553 0.722857474540354 1.04138864346979 0.725408982789302 0.333788442553496 -0.118446284871342 0.335925137120839 0.378858073036277 -2.9235831658856
-0.115187792980762 0.784565905136629 0.764503455888967 1.05691018213926 0.70213898310601 0.396829481405404 -0.0784693563149026 0.32193791271976 0.315572636624652 -1.99243016469021
-0.164850112775369 0.843896532378473 0.749477667392978 1.03928184773526 0.684520099928126 0.382226044028295 -0.031367999654525 0.27846273958113 0.327548790780264 -2.51230562397611
-0.195001262856521 0.807397999880803 0.775696433533608 1.07887477482636 0.743422537303137 0.324648974955849 -0.0594268822283676 0.359395919743953 0.327675364982909 -2.3762728087852
-0.16069577585732 0.856511867602788 0.856226426128664 1.12477810613796 0.789743816441886 0.403729944938955 -0.14550746408182 0.300270218902851 0.339299587426409 -1.35533213551592
-0.20746543165945 0.79856933855417 0.881608052324099 1.08783548273295 0.741594377960383 0.38953939165976 -0.143991271754931 0.338604851932058 0.367200728782123 -1.33702331211311
-0.150101350618872 0.80457832683509 0.859302596281943 1.03291838358569 0.814590718449983 0.359777260831516 -0.140279744776593 0.348414381197553 0.365082829968226 -1.28323534245034
-0.18850897962528 0.851556062377148 0.895355946611054 1.1059029110839 0.812923710166018 0.449038380884875 -0.0883197733837488 0.315877218334434 0.315405254263547 -1.35533213551592
-0.188315089220126 0.810870624536675 0.860124115205325 1.0875422296933 0.755990957611644 0.408667226620104 -0.129263661254907 0.367381430696542 0.407864981515163 -0.939506688387301
-0.148988759743783 0.828720271438643 0.834306549280857 1.06380027252157 0.744251713077042 0.336491771981582 -0.136355219244913 0.356159407195597 0.348640430130418 -1.24250646832818
-0.206360797524999 0.865337890107712 0.793473855995107 1.06045507715688 0.743302117124965 0.344447335256861 -0.161194880328001 0.36624774996658 0.35352224362079 -1.65080634148274
-0.184984821157368 0.828856637724365 0.88085974451155 1.10482461123557 0.754344239183683 0.384034545888933 -0.111256044777372 0.376113913562425 0.355747951411141 -1.62148625095027
-0.163151476819574 0.848038274009992 0.882121415036928 1.1154748026834 0.769969620018325 0.368957603373227 -0.149535348106188 0.260863228116682 0.352702775006192 -1.450010175506
-0.158551371895996 0.875189959672362 0.86405496460869 1.06140467144988 0.705311281441323 0.365523327410908 -0.106641352019745 0.208968776995497 0.353347469544221 -1.71126277325962
-0.183575517317895 0.782159126136791 0.760348005694452 1.10876939190204 0.764614827245835 0.39291318680928 -0.0282905991823578 0.239887385222846 0.310302673484763 -1.68072115265355
-0.154316840685224 0.774554466990314 0.792281866873062 1.08212130363966 0.698287762734647 0.389614372619667 -0.0668333734332009 0.27159728268631 0.315076247147484 -1.54368653487132
-0.204033091576274 0.791252849361597 0.718284786546194 1.07522885204967 0.730040885834272 0.337575301634793 -0.0704080095855436 0.275286813565055 0.328313644052443 -1.7987770418867
-0.168779408867622 0.787323286481068 0.767570778274389 1.09291329992355 0.677282451332301 0.3771903694532 -0.0779997818506901 0.237939491270211 0.329340172344783 -3.03202227495919
-0.100412594167287 0.837103311691521 0.765319448547487 1.02848798879607 0.668415766111719 0.372858399853178 -0.076764954708884 0.250908174010954 0.348233462187566 -2.3762728087852
-0.090350222814644 0.875223327905944 0.892383366729566 1.10113407404256 0.756330013609091 0.402773991020825 -0.102400563077515 0.258916315356354 0.316570201024084 -1.24250646832818
-0.113579316490155 0.873633486308602 0.739115919874544 1.04819270930691 0.616950286443048 0.338511056552601 -0.119841039390943 0.270226603940752 0.342039786548376 -3.00946730194414
-0.156588462823458 0.860185559546806 0.810747651284702 1.11680877470295 0.755909152751304 0.353409271582347 -0.0586697340177006 0.268010053111482 0.294697119622268 -2.26574452377298
-0.183632634068684 0.80689970267546 0.781416857298597 1.02965797909095 0.614297678878914 0.309677575223168 0.246881290167142 0.297489345693355 0.289264478479404 -1.96432263699977
-0.144739042212676 0.812889704343229 0.813532349813942 1.12776055320882 0.740515547350657 0.447870587295165 -0.10349901047539 0.265722941860996 0.274755742444967 -2.66615925939305
-0.129481209097337 0.801753058539627 0.73603844205481 1.04204386191067 0.684912598419163 0.325395580754839 -0.0306950374572835 0.163110463986236 0.330459645035534 -1.86604510861152
-0.219323162059513 0.849337295841261 0.850103770955467 1.06235173017892 0.732578817256547 0.430488513435393 -0.093045774901018 0.355245739984969 0.368730746080538 -1.33096371580284
-0.20717927188882 0.852495076888596 0.953769417037791 1.10597979920673 0.772985121136006 0.390666333750418 -0.0713667938161678 0.327027838770284 0.336369313515178 -0.795448358834424
-0.20618314732986 0.964690982619868 1.04399588197349 1.21216711833825 0.767214471541417 0.402907095331545 -0.125284353092707 0.287304762187842 0.39689553571617 -0.481067848851115
-0.207728027719278 0.846960669115588 0.902618603177829 1.09755022291282 0.735268819138345 0.381007037320402 -0.164484320342091 0.306579472329449 0.336979535815093 -1.17473598414091
-0.131980938506344 0.827835194288388 0.867520426353768 1.06540624199265 0.754072907361953 0.404822406546842 -0.0765392947899286 0.253971262380299 0.319933021137806 -0.969400557188104
-0.155359815009572 0.864036301779028 1.06927184018809 1.23176754138991 0.881426118051959 0.436103140806118 -0.0213695110648801 0.482810034624849 0.214893221253448 -0.67221966045399
-0.181312868764451 0.91026274209474 0.967854171100645 1.06012572551443 0.691208011990086 0.399595095438685 -0.0721040966664212 0.293002453413396 0.372706187142841 -0.786131101682196
-0.213078346920261 0.916332406130352 1.02138049213845 1.17424106407956 0.787416483324346 0.288244922706179 -0.0873534211261048 0.260614093704692 0.299802071735151 -0.703665684751166
-0.269789664496059 0.826262310839543 0.91960936400604 1.17204512087812 0.847560163235658 0.470613568282134 -0.0668191286654148 0.333001927179109 0.353855266177309 -0.767593085693509
-0.28062397149431 0.864694934789192 0.960471362267405 1.13686444236169 0.773345764282753 0.383711191119225 -0.0730372161938329 0.366890473676215 0.340936999704163 -0.828321958928198
-0.149058586374446 0.833963723194301 0.92230780854069 1.08245246964933 0.745045602546947 0.375252781754209 -0.160304091213737 0.315188652420561 0.364959500974945 -0.809486172644095
-0.19902867102492 0.831605144975827 0.822049355291765 1.11002272408347 0.69163952565199 0.438682796315213 -0.0135734732696845 0.247079515610245 0.255274984728289 -2.38919956583082
-0.194277144386242 0.83860243842682 0.769174096985361 1.07844859826825 0.717957794189913 0.404731640372633 -0.043411847765068 0.230599054370446 0.285417962524221 -1.80700903160609
-0.179973788990029 0.82240605580406 0.740515886946754 1.05273641765081 0.690151312871124 0.358940202622022 -0.0301800250345207 0.220775558247244 0.293486726691297 -2.07047287169708
-0.1809927873029 0.809228709401254 0.787339547312033 1.07506072944578 0.653373075728872 0.419776841864317 -0.079131072783832 0.223535605949564 0.285389127504085 -2.68273239311792
-0.209108953297684 0.863584670586432 0.870816270656835 1.0925856007826 0.686982967019842 0.424021445187094 -0.0907437929530512 0.282061689109861 0.316439720462532 -1.86604510861152
-0.138871552598669 0.796454300031541 0.721939224978353 1.06478198454014 0.663668013048268 0.38138025587854 -0.0290682452691926 0.206185961049579 0.30334570176126 -2.94443897916644
-0.171541888616938 0.815352352990568 0.882214631857028 1.1543249668082 0.680825227303198 0.446542004737155 -0.00923606130085549 0.169468798077104 0.282607946251896 -2.12175774641459
-0.154847673338235 0.840585814396405 0.808327144283019 1.10126321485248 0.677290588270968 0.396659813879923 -0.0744611385696121 0.18880766250479 0.294881863393714 -2.52680914144201
-0.102155942791083 0.839487801864544 0.855941281168497 1.07804940365253 0.627242219167534 0.342882220387479 -0.0816984565234391 0.281747888409349 0.30460952118829 -2.35082776194038
-0.210090908675511 0.80203273585808 0.739648869862826 1.0057408358418 0.582348601781314 0.337890959429308 -0.15158974137554 0.438051533087866 0.277731943576231 -2.57142886177252
-0.0828947278053061 0.79877594168833 0.776144025733507 1.03939987427369 0.643976154379417 0.345034872195248 -0.0614425458505235 0.16775252512913 0.280307927413063 -2.96569376443476
-0.14865759095297 0.886017663557605 0.926341560349523 1.06531794056015 0.652958270185846 0.342467460519482 -0.188970721587702 0.33250628909212 0.331406807843624 -1.25404914230611
-0.160681146555576 0.816363531740127 0.923529005294022 1.09523291954696 0.74695110545475 0.411802182054873 -0.121133828653199 0.301464429564638 0.300584780032513 -1.3800560377072
-0.17451885520344 0.879036532892164 0.924346073431093 1.08380225112817 0.693409167854704 0.357273612287344 -0.187128397474435 0.356667640084839 0.3364738661334 -0.989554911128957
-0.127913865708911 0.967607740706078 0.999249221313268 1.0651528424135 0.717534634543314 0.385023005830737 -0.108082330076655 0.263123069553565 0.324529339323413 -0.828321958928198
-0.181337559790888 0.862157345780098 0.90914386415884 1.06397971974041 0.71462695652692 0.344577862862446 -0.130796880724011 0.316953176451434 0.332342753421948 -1.15267950993839
-0.160773533638474 0.878675065453958 0.922431389956353 1.04746727232339 0.675184654789569 0.369058462947023 -0.183225040994224 0.291068515624836 0.320873521123294 -1.07739133318522
-0.239441945302052 0.858093206353306 0.884208851328263 1.08842244681941 0.735838337751267 0.373896836883521 -0.143158825063388 0.269880993484595 0.344790452190094 -0.90511743127603
-0.205441829357005 0.874280738905732 0.938387172157512 1.0514391353118 0.709197539146821 0.379884394599474 -0.101377441043621 0.256054691474047 0.316904148898143 -0.866418901833982
-0.211147202862216 0.86186490018153 0.918842044644244 1.0609874036362 0.713596485248341 0.408632846666526 -0.129495044651462 0.297163699607446 0.306487627952914 -1.09328604438544
-0.188799859611246 0.812916004119065 0.92378865622727 1.09499222953954 0.736367956090863 0.39209638340451 -0.0845909702986391 0.317701858671248 0.371130053150899 -0.800119300112113
-0.143276460515064 0.819436641994387 0.900756460681905 1.08130682836467 0.759075914861111 0.395881742735818 -0.148832616999668 0.312794156498457 0.336583993082023 -0.900245741690809
-0.162992309924243 0.801493217601494 0.833777972041328 1.08439092879454 0.697118124315442 0.383054459234249 -0.0931989979434951 0.248433578804901 0.321077961104823 -1.31890818736981
-0.150089157257708 0.839681345301358 0.848648302079037 1.04291933058844 0.658793631435822 0.328545309794986 -0.151651511880641 0.302834700864184 0.27012857159455 -1.81528996663825
-0.134104130856197 0.770360016884275 0.734340487445801 1.06781910601003 0.67187902652255 0.371551328617192 -0.112240046510789 0.300855745285346 0.311026318634524 -2.57142886177252
-0.136275967265246 0.861336510114201 0.859489195435794 1.10969671365912 0.643976893265554 0.43756777323012 -0.0690069212939177 0.18923662626395 0.317368775355807 -1.88338979207398
-0.215017677555887 0.832296074358998 0.874740460156567 1.08968736266838 0.682406778898639 0.40783919286744 -0.101859873456583 0.273496474409366 0.271334635504312 -1.16919789014933
-0.100821253292092 0.764617210766125 0.795823299189004 1.07306924906461 0.740260293845919 0.404814931960142 -0.117449075022898 0.24842221315079 0.282832560078373 -2.26574452377298
-0.158645886059983 0.82438131948218 0.804983495553 1.09135328977309 0.635063820920326 0.393117693644795 -0.0519492525024899 0.234328719699583 0.28670712747782 -2.30148558766063
-0.175347602934921 0.834251037333567 0.792876752527441 1.08122454872877 0.672150942533004 0.417198142996367 -0.173876863791572 0.278168308409265 0.296403160827247 -1.8404337652553
-0.129813366998335 0.851438356823524 0.843095854296095 1.09249985446472 0.7271764474282 0.381523451401294 -0.109397180553207 0.263227718415803 0.335492454759775 -1.99243016469021
-0.155440963247801 0.81677533562957 0.80516943361549 1.08903932525549 0.682164570474897 0.4024822377464 -0.112627376196583 0.225531504192642 0.275019145979838 -1.49615294201858
-0.117180271188757 0.782844444450397 0.72675135945306 1.03313600187167 0.665162427759157 0.416161217908071 -0.034313275314873 0.222741574167893 0.338178605924218 -2.28945580155225
-0.127215577329872 0.885689661088484 0.928272940712681 1.10876038625543 0.675788034972285 0.42307011286622 -0.104538689266214 0.275437576421687 0.221065707742656 -1.28323534245034
-0.142105884287482 0.834107767200756 0.93464170992265 1.12250858390363 0.650676791066399 0.399630059210402 -0.126425862614347 0.285085022511989 0.269761822273338 -1.31890818736981
-0.187136120876165 0.862192220456677 0.934080278348768 1.09596966866568 0.669158113488414 0.413683607829033 -0.0997052278939955 0.212680753056227 0.291651950294563 -1.47621369228934
-0.139987693493641 0.83398024361098 0.924649870332698 1.08225235257232 0.653887580514597 0.397397665316767 -0.038170208925731 0.209975729735647 0.253694352593727 -0.837792085387503
-0.116657966735468 0.861848755471958 0.88412546417034 1.11275724912424 0.692240111391721 0.438500772513659 -0.0649922489095056 0.283858435718981 0.249806227529582 -1.04596855518269
-0.160329702576992 0.843726026682261 0.900276739811131 1.05924888212934 0.67785977511535 0.369262851250067 -0.133043454864869 0.301318823653741 0.313485455067793 -1.50285564952595
-0.140641789690332 0.868596931886191 0.909863928738929 1.05175793924566 0.665486426769309 0.336488456737275 -0.044911948849997 0.252721698561944 0.248884915632226 -1.03559932083938
-0.127083446581152 0.885075448324975 0.986578164511739 1.09951987061922 0.714101361260287 0.393114785210638 -0.0802402509207386 0.254074709384286 0.268132898295254 -1.04077751362551
-0.224930923095219 0.805782436816404 0.809291487737887 1.01005322866135 0.576660415716346 0.293087275578958 0.245801415951466 0.299434949863127 0.296992498364781 -1.05638965824576
-0.155326989924201 0.834170256588361 0.837480551109893 1.06987454135685 0.688455442929319 0.377080830414335 -0.145678105051365 0.286820224009571 0.281674317753579 -1.73460105538811
-0.191907929497419 0.899090212983368 0.872466647331234 1.04135882752736 0.701764059290821 0.433859693414364 -0.0493951188528884 0.206588468721065 0.318535487765699 -1.23103687431744
-0.162321781864162 0.815765031971968 0.793015190142233 1.07101495564046 0.733462574310317 0.380860055373184 -0.0606880488980985 0.205854898714453 0.3137649489392 -2.33830317559612
-0.195366871671751 0.80917964205176 0.798358109705846 1.05999030807361 0.720677419998205 0.41909479269215 -0.0268248122482666 0.165117200545488 0.324739381440266 -1.79059328833787
-0.171836003834223 0.853540672767074 0.922931899365708 1.13781776877747 0.731378388587004 0.423084527243403 -0.0650065512903393 0.223099238195173 0.316690339797034 -1.3738409000486
-0.145030486469106 0.851115763892344 0.869668480789295 1.08673299395058 0.699435816118164 0.415577308925469 -0.0887837856690002 0.250407160361661 0.291704369345047 -1.50958705258724
-0.144868815333355 0.848236073008828 0.79426214909856 1.06622855814407 0.695470970556357 0.409205842649528 -0.106655355353375 0.227548493555782 0.301914311027152 -2.28945580155225
-0.204562364441467 0.865360482303831 0.8858344615014 1.05668126360718 0.663878129251822 0.39433387161649 -0.0713029720714849 0.275017317208593 0.309773599923839 -1.14174565948569
-0.177748959271021 0.843017990437136 0.83319236519417 1.10540540922082 0.684593512793711 0.423421199739201 -0.00309850316712027 0.250856440903937 0.317793750171032 -2.24248116892434
-0.15889997024745 0.896950211122518 0.875912601111068 1.09820773155111 0.691218206983465 0.424511650817158 -0.145511150822343 0.222044499804667 0.291313702605173 -1.56451310052591
-0.190583061483307 0.817659025791977 0.843006306120271 1.09380547087814 0.719546540502509 0.399914794232491 -0.11028611028092 0.238424487821307 0.344187365063705 -2.18616251763036
-0.139283620744495 0.844810190676954 0.811788160800525 1.04967857386691 0.762538329722384 0.422390354452386 -0.0583405351446872 0.251294133788833 0.299540633667099 -2.08056703420157
-0.180719457028446 0.831235812965658 0.862010205938518 1.05027677595199 0.663670651228387 0.384765125153411 -0.118156120793963 0.281979805984269 0.291868513760499 -1.53680646810324
-0.154996155302231 0.875289760650725 0.849023671059261 1.08644413334077 0.73433504806316 0.36853076805943 -0.169677520348586 0.322560519575675 0.370421510579547 -1.28323534245034
-0.137734832067487 0.882027381299662 0.877967312686488 1.08740018615897 0.690170495117561 0.393852370929314 -0.148770232404384 0.239553613819057 0.36120826256878 -1.33702331211311
-0.155479494883074 0.871143269428676 0.908309893378792 1.12036838576084 0.771983663987265 0.459639299106088 -0.02898776601379 0.227917109870009 0.3058562569468 -1.3800560377072
-0.203568428008799 0.811633812755035 0.833999712687126 1.06794633609653 0.7228123874436 0.386296615020573 -0.0831527981450612 0.237378024053471 0.3265546710529 -1.39884157717198
-0.135692188258842 0.838251820044005 0.864488509378038 1.06510366154454 0.666721670116083 0.374533542639766 -0.035075769758015 0.194411126690388 0.304430029683027 -1.27150342002319
-0.112869717286715 0.897940744146067 0.961168010282717 1.11967563381832 0.761560648227431 0.374054420570633 -0.0889637368646771 0.258122628392607 0.303810078727571 -1.11467689117192
-0.344039025434679 0.778330879263103 0.813779311119239 1.04901044591813 0.618209794863428 0.378916070471324 -0.0335751666881316 0.225811463966891 0.316174173692989 -1.52995684476409
-0.174539842434138 0.868288104534449 0.959874804145542 1.11674104505168 0.744714316128535 0.416882439163496 -0.0555819277552442 0.240718436734658 0.321020927165351 -1.44352548901186
-0.107586636852305 0.900929496108236 0.936636482594731 1.07192399804125 0.621597531639073 0.352171438161257 -0.126282600328991 0.318000745606711 0.309773599923839 -1.50285564952595
-0.194539063726592 0.896967028019034 0.786013225267892 1.05957552560679 0.624737382228533 0.359403228202228 -0.0880006242466347 0.300972612556888 0.331882247524078 -1.57151867757181
-0.24147073980383 0.844462016345917 0.895653134622662 1.12721855222332 0.720986790503477 0.38406072453093 -0.0569779653453241 0.338400690669925 0.288068257409535 -1.3249254147436
-0.182755782255289 0.804529883472475 0.847024317567362 1.07709742143153 0.756703679676175 0.381242132259234 -0.123273311596272 0.316752041947875 0.313538245898471 -1.41784271885482
-0.22616928514202 0.88046556792058 0.968238178890091 1.09725290145509 0.771877097823768 0.425125590502372 -0.0604230339949421 0.34357549494726 0.331326064848254 -0.989554911128957
-0.151276802299537 0.794263628700177 0.8489874185654 1.02050074053848 0.704543133050639 0.313095568394534 -0.134273585387892 0.287764491796534 0.319277012679064 -1.28913061266624
-0.210599239603195 0.797709131934239 0.858969280762199 1.10830349282018 0.781023429190658 0.41237591135423 -0.0978864827716348 0.275257053935088 0.326220578544353 -1.33096371580284
-0.148957734639187 0.867136784956299 0.891282706063373 1.08719468423044 0.741683604138555 0.413760517222299 -0.110511759195655 0.306122937914361 0.314440359711477 -1.05117256359655
-0.154285822407627 0.870018916410373 0.865267090736362 1.0714811175001 0.714895281042905 0.392856912231522 -0.065832655610081 0.273012511403874 0.296180470067846 -1.60703982975009
-0.178329028767631 0.817636457667254 0.85811801726433 1.10142645951845 0.724804245457384 0.411323446353249 -0.0709255524978785 0.231721938831789 0.30850543617423 -1.39884157717198
-0.101529559956397 0.823649710851845 0.829882610398243 1.03246663137612 0.642173526391189 0.360398002900538 -0.123587216806203 0.266255020175432 0.299879692307585 -1.80700903160609
-0.193339664043757 0.751828579130781 0.81833578113172 1.0757836563176 0.748103791002216 0.410654279949944 -0.0531612877871885 0.29675206464933 0.329949834789091 -1.09328604438544
-0.170816235993262 0.854221572461895 0.806773481399144 1.08655974745829 0.687419086432003 0.394308084888535 -0.0336638950475073 0.283297199587986 0.327415160092691 -1.52313730361167
-0.146399532162562 0.831844614693472 0.88962833116743 1.0793313431937 0.645749419325426 0.346121869586844 -0.0941104742805376 0.259644879208612 0.332342753421948 -0.994622575144062
-0.147824187966154 0.81142302724851 0.908146686814029 1.08437413516804 0.653968636864083 0.416897663471514 -0.105128484050016 0.282871197574694 0.336175319884006 -1.12006083207559
-0.183531784562536 0.844788814551978 0.770072460218617 1.05921865100386 0.730528127323586 0.395168781774258 -0.110940815386173 0.357629469206941 0.328313644052443 -1.7503742530652
-0.151686092469928 0.822215333655933 0.838458046930283 1.07668853405185 0.733008615308735 0.378026637643951 -0.0913229821900781 0.269409215998686 0.315572636624652 -1.65822807660353
-0.161396557553326 0.842505957921394 0.78201691580893 1.02320036472129 0.691132403844105 0.322126948604708 -0.0957234529871684 0.331323151680633 0.342096105036813 -1.81528996663825
-0.204766988336348 0.847710282357366 0.83675214209375 1.08120131700734 0.732419433122936 0.312938306617112 -0.169921849648785 0.354747535420873 0.381797372548652 -1.55753947430645
-0.141682679136809 0.82916476647367 0.866195866385472 1.07276126011861 0.73898918384647 0.345557739869236 -0.137478944066733 0.320419593899352 0.40039096198862 -1.02528101558256
-0.120955419833795 0.860690559577645 0.755069712227253 1.06418338867913 0.651114353786914 0.348296966827909 -0.177347060416618 0.347434745181372 0.341427762093686 -1.55753947430645
-0.135318605694132 0.866478380231416 0.869744673774823 1.07147422566513 0.744300976138887 0.398711697514911 -0.156898915674981 0.296971439261663 0.347799254755324 -1.36147919200017
-0.128211270748263 0.833501675387059 0.837640339756814 1.09361597199319 0.710242775750012 0.375882162651875 -0.101463800224164 0.288922859544304 0.319238475099351 -1.73460105538811
-0.19211742720634 0.860070592666539 0.887561980494228 1.09112579143102 0.722269836534645 0.451680472617041 -0.00772864270927314 0.197317982544233 0.289380502235704 -1.51634748936809
-0.193313719614895 0.799811148615627 0.857168609270763 1.09021587382816 0.745746601446677 0.41171669740858 -0.0633362066357968 0.283883034417201 0.358722823169128 -1.25404914230611
-0.190965382621992 0.855881736209032 0.930529370133704 1.11066762362833 0.741765850978057 0.378600822914607 -0.114287395305831 0.320427325446858 0.331354483825457 -1.20267325898385
-0.136955244285724 0.882988563713738 0.877161313048508 1.04733991744083 0.693798055616716 0.341254737366724 -0.196745217601166 0.326908132100083 0.372561138245037 -1.0826756964053
-0.195672666701314 0.833118275234191 0.815487706037387 1.07216240142831 0.651109175883664 0.331065769635712 -0.118442890595037 0.311207964718006 0.352560934575481 -1.16367588201517
-0.17852238813535 0.879982363837239 0.961422948841207 1.12078681877909 0.723515745211002 0.393192216978704 -0.0842745773830382 0.258518363053805 0.348233462187566 -1.03043386001157
-0.156823219269854 0.801116145722613 0.827117690771479 1.06812264482042 0.731399510458226 0.350346047660235 -0.0987651366758266 0.323663281295392 0.356228616769318 -1.30098077740736
-0.196512596648329 0.791381907581794 0.906051909084824 1.06790858195504 0.761262399768586 0.391294514567047 -0.0710263220372554 0.347148595376712 0.334337414212011 -0.924705928799439
-0.242571936544606 0.845542804373826 0.846482741892943 1.09087023581614 0.71468609436028 0.412321081335095 -0.0849318817336549 0.299732402836735 0.31299665278782 -1.27735967775622
-0.174909502410921 0.804029447135915 0.930909824559067 1.08601070116985 0.756818917565874 0.4263686505742 -0.0856052431907179 0.333144271371245 0.329501061260423 -1.3800560377072
-0.163073396144178 0.845882961960521 0.897781067161978 1.13103796625208 0.744736191534687 0.464449002687457 -0.100304254523195 0.292714022535389 0.367146806733735 -1.1363018100969
-0.198675141454482 0.841552595946624 0.8820082489472 1.0892532556899 0.744214210736096 0.399241252879039 -0.121737504885709 0.286741050088562 0.332839142899115 -1.50958705258724
-0.160435401015394 0.889212327706339 0.878968227013407 1.10486507278874 0.705560371527089 0.369929832257097 -0.0976829897931345 0.288765252334885 0.3036212515918 -1.22532903110602
-0.173142417331551 0.817593043763527 0.737017470374697 1.06395607922199 0.694631975566044 0.357869550920231 -0.073690239460786 0.257529063634813 0.284112237295318 -2.20838540747375
-0.159825961814149 0.810897214161834 0.786477237973021 1.1065517779951 0.706102723825376 0.359190673904528 -0.0938360347181795 0.253475025051857 0.342413620435586 -2.11133490545579
-0.183567972160362 0.806865566344869 0.782477509648061 1.06719919348499 0.688099710692271 0.356226389367823 -0.124703727806732 0.338651171719784 0.348006352251075 -1.78245707656574
-0.22088113432921 0.767352534499686 0.839261127311997 1.08278864040203 0.803672406302422 0.433402668355743 -0.0708501497444688 0.340035918401285 0.341266836562452 -1.450010175506
-0.161254722493276 0.877719021170938 0.889969716473872 1.08723501284215 0.804491330693923 0.407618818755774 -0.0579705219146853 0.288883464661986 0.338560167949654 -0.914891151519732
-0.132377066765747 0.874472286778212 0.790841542947769 1.11363900435808 0.689376153784887 0.425977253951856 -0.00906576994213859 0.182320162280536 0.28251063574721 -2.73394161503495
-0.199683478846053 0.872734865581152 0.918905921361998 1.13058108714614 0.766213748619121 0.424781412044826 -0.0836876376012149 0.34302842310758 0.35503261823816 -1.1254595387043
-0.174754322839553 0.827956204145427 0.746432801199306 1.06323489753364 0.713966048660093 0.359506707628599 -0.188518345556933 0.269370368194118 0.34513696210733 -2.20838540747375
-0.199609591227524 0.786587525225422 0.837227428921552 1.08117895260482 0.78564699259824 0.384945205947298 -0.13799972538824 0.328773009250081 0.385324572434512 -1.44352548901186
-0.182021494049231 0.808050869995802 0.707473410157337 1.05912880718278 0.672144445757275 0.402767414060311 0.0167378392360432 0.213935533934329 0.292104915377875 -2.13226668106145
-0.137132357396851 0.810125316722876 0.85051062254223 1.06457731905809 0.693889234562804 0.382649313993737 -0.0774748977917549 0.250802234314622 0.323898104211249 -1.62148625095027
-0.208726493371109 0.798950301529063 0.895297711990862 1.08542056673359 0.70894342787299 0.376489090945672 -0.0612961817753734 0.283958690344548 0.289132882107858 -1.35533213551592
-0.190740193011079 0.794934557543692 0.796574390362348 1.09605660853669 0.705634302832529 0.39912933385597 -0.125581398011876 0.305751781379859 0.316690339797034 -1.57151867757181
-0.232312847378617 0.810472591796215 0.912898097341871 1.0684304044958 0.783378755171614 0.356356954646458 -0.0734577437294762 0.305427355948961 0.335574719524126 -0.842540477484935
-0.201960389639431 0.812734773363504 0.834537277000062 1.09455539959995 0.722973997136149 0.374593694305451 -0.0149810088294883 0.265748469537067 0.289237029214782 -2.14286336811733
-0.138717732928834 0.804299949484463 0.755201277926502 1.04375787966686 0.595728680885324 0.322200012406615 -0.124103578797446 0.0864969047106571 0.512774892402029 -1.91875915998936
-0.214478495577934 0.849557849805695 0.867112024099411 1.0790436915346 0.713845768339842 0.403885618857218 -0.0106894713494783 0.232010267916908 0.30964233091253 -1.26566637333128
-0.151005766105626 0.879046159569146 0.840258349988919 1.09923913505999 0.692089257931797 0.444285316413522 -0.0678960662979744 0.211776519353371 0.329659233005 -2.20838540747375
-0.190701762036711 0.838759905006779 0.863089257830929 1.09893994069925 0.71147884800781 0.408914513800775 -0.0319989652682047 0.229998575182956 0.300152951092733 -1.7503742530652
-0.131608080359056 0.794597861991916 0.824836621499503 1.07848610009297 0.74951406130949 0.314348404445097 -0.12764141160027 0.253714976676583 0.311396655308141 -1.87468984855879
-0.117740340899836 0.830765139077873 0.870124312053627 1.08218543526211 0.6928089357664 0.416325906232241 -0.105475223987543 0.251727454438815 0.326965489628452 -1.71900011494563
-0.20134009898795 0.874615664653062 0.938601990481142 1.11196546187812 0.730992526184766 0.427847703761081 -0.123074127664686 0.283541592439355 0.369567494356467 -1.02014067322661
-0.187838160327518 0.825395210578151 0.804886038452433 1.03121272807443 0.696654434801575 0.349613246566044 -0.100910037421013 0.288372975612137 0.390481880517666 -1.450010175506
-0.113633427270474 0.875777611503108 0.894809087415321 1.09364627622207 0.698327845682834 0.313969044513481 -0.109362778101921 0.238915916321145 0.341767676428406 -1.30098077740736
-0.116954678553085 0.826027282552958 0.856641854045949 1.05591181554015 0.676374387339347 0.361736339681169 -0.14239901346775 0.305125712274049 0.363347770346841 -1.38629436111989
-0.220918967781629 0.861641462075219 0.986273462588469 1.10091425659177 0.855513749264295 0.370606445734069 -0.128591647534369 0.318132612455938 0.371661985102334 -0.632252349329572
-0.17865041615029 0.828175466270369 0.845553181202856 1.0598845871355 0.717328869415104 0.397916157836096 -0.0791000531794939 0.290469303264407 0.380450450770696 -1.62148625095027
-0.131413217471726 0.821503071995108 0.804856641784176 1.06432728318819 0.680295435588869 0.371658782770026 -0.0900139402528648 0.263229338171439 0.30899037135592 -3.15231900817913
-0.150194149036294 0.873963009037968 0.786610324959652 1.09558513116992 0.662206603233119 0.405852341749327 -0.00556360230493446 0.138857783221777 0.301884636193181 -3.94413348039892
-0.139388458588375 0.864620401084745 0.865977904792738 1.09601941833007 0.710659178212443 0.380682384891347 -0.09736033399647 0.260263448133722 0.341767676428406 -1.3738409000486
-0.134305891173118 0.837492790945024 0.859968093726729 1.10213289646672 0.730871606390061 0.390605615526043 -0.144218407935694 0.298318964300333 0.330353703499463 -1.59986846141795
-0.149645948923911 0.916519975437204 0.977203465998602 1.18258848829106 0.848577073176367 0.491618673447893 -0.0224567840459413 0.444248191157797 0.030973131515505 -1.12006083207559
-0.137822371753539 0.895038637574512 0.803048629417766 1.05298833718281 0.618358428083527 0.345461354656347 -0.0730781814485538 0.305587930155187 0.328672187175744 -2.15354951383356
-0.191318303814063 0.809006855784365 0.802895058705387 1.08616109770806 0.765745090668102 0.430109284128536 -0.0788603081887769 0.328090843744329 0.329159971838918 -1.86604510861152
-0.16886850406195 0.915086664698791 0.954654109975572 1.13702987931217 0.808926816933866 0.438666419655053 -0.0583893185879348 0.318177368610838 0.33378240125115 -0.90511743127603
-0.206226804122439 0.823967298160176 0.8247742344042 1.05457227881926 0.750201903887623 0.367100290095495 -0.0682044965520857 0.323404139620386 0.364326709877511 -1.26566637333128
-0.171727076021525 0.804373082110668 0.862108878750311 1.04989829950511 0.740275150292812 0.372447355181968 -0.11170538721606 0.351209926659673 0.346850271172719 -1.59986846141795
-0.198111084465619 0.836906802106416 0.909828990911421 1.10298435068664 0.781792828688032 0.438238046106914 -0.0974119592931318 0.340053053505187 0.299004946686034 -1.05638965824576
-0.17636961989585 0.85243523617504 0.824299284442365 1.0505288810415 0.666144329689797 0.366658670632746 -0.112251087063511 0.288159850205299 0.352105533476998 -2.00193413282465
-0.196767325503318 0.799472821920896 0.840837500055088 1.08085338890442 0.725742012892805 0.456530562406276 -0.0473244848986103 0.274571693526414 0.294788435794822 -1.95508452533135
-0.150767556245288 0.854389542650246 0.872716984435197 1.06700608544155 0.665977654377482 0.420332285118387 -0.0946710224363647 0.244151719471601 0.346678159920842 -1.55753947430645
-0.112119198300159 0.744889756019167 0.772999955952007 1.06405132295338 0.669996188119452 0.410312453619808 -0.12084866310301 0.289013745627081 0.336700152373911 -2.28945580155225
-0.184121810994619 0.887847952078907 0.929388164761092 1.0682125825669 0.74421945481633 0.358920088245605 -0.130220658581775 0.317379961074977 0.327909467544619 -1.20831120592453
-0.211946830544944 0.851169568380992 0.876991805894819 1.06801139227486 0.72219637912356 0.36219102598909 -0.140786417039825 0.336807536447666 0.328630898277994 -1.3800560377072
-0.169365759507108 0.854862183600455 0.853637416069215 1.02678631574933 0.68574967923535 0.371308661088247 -0.109561616746513 0.3217327978214 0.384879319110068 -1.3738409000486
-0.200554483040216 0.837514046218075 0.926660564885208 1.09010643431424 0.723856226636512 0.416733057026937 -0.117515204485247 0.296050375692871 0.322722104590842 -1.16367588201517
-0.139813045596592 0.820209373777025 0.795600996466329 1.06508676336568 0.679072204768722 0.381450661627012 -0.0963400916197535 0.238360380704843 0.29845986530912 -2.01150743154113
-0.202718812275456 0.848622555567553 0.948236256151691 1.08250807552274 0.738343333286722 0.43451646602676 -0.0948931284895519 0.325004877046902 0.317984762025887 -0.5537276453102
-0.136703627329341 0.851371923648072 0.849213853499362 1.07504888598724 0.694148830086158 0.345874243891994 -0.0689932097503539 0.293805008058225 0.336583993082023 -1.65822807660353
-0.235039628503513 0.81841535329594 0.917929371959866 1.12053566762183 0.736793455599955 0.443051591479008 -0.016984904691501 0.293680128424767 0.339473302396252 -1.15267950993839
-0.200850850730782 0.790757079582665 0.817231096736536 1.07311832699934 0.752822322781929 0.433794319063649 -0.0772916113443383 0.315992819587289 0.32559103987405 -1.24826857890753
-0.180404720235746 0.827550423513755 0.884404845145846 1.06504715738791 0.713947610171594 0.355127861214514 -0.0794440897536478 0.26886418044237 0.32572981615483 -1.10930757778486
-0.207471265725648 0.842904479344175 0.818308947017608 1.06596424451414 0.701304831230814 0.409464356793807 -0.0200956899990444 0.292909690001092 0.318492558658975 -1.29504568965475
-0.180415120384982 0.778844971948657 0.856061312917855 1.1166508337904 0.791964818452546 0.417226499062124 -0.0768176938124685 0.286867801509972 0.351942883316979 -1.54368653487132
-0.152446537462592 0.801432674719488 0.70927045881083 1.07650831774354 0.678548254414807 0.425307817937476 -0.11530325592304 0.213526880735558 0.341834262122809 -2.54149412441746
-0.191618217603766 0.867458879236807 0.828560883668462 1.00961110676292 0.672725118695019 0.370592866860944 -0.07738154585465 0.304834649828635 0.301594135888702 -1.23103687431744
-0.178241920903889 0.860852513060784 0.825453340288148 1.06792206651426 0.716445209999128 0.397830928585635 -0.0625878478246206 0.262537386725068 0.299267080806251 -1.94591014905531
-0.17793373911481 0.809658221969601 0.852742159615841 1.11732982248622 0.711554748268425 0.378160284581832 -0.070797211954209 0.254995118277751 0.30012511607861 -1.28323534245034
-0.216921329424798 0.860290835956839 0.933788722955112 1.10310166874461 0.836896813622775 0.370092368421875 -0.0764400222945282 0.263461785538955 0.307816360159471 -0.959391715971426
-0.183947374097833 0.831864833392724 0.811348338419385 1.08924666542219 0.712015034582808 0.379282011901693 -0.0709651644000314 0.285947693276573 0.3265546710529 -2.61782510950948
-0.165418938592606 0.970758652873602 1.03080409643395 1.12377992137088 0.757059899456921 0.418848102398895 -0.168765354819329 0.334152006620456 0.401489890550826 -0.690148677563689
-0.10252000379792 0.865824292899688 0.883197156094889 1.08194018459098 0.757545736589043 0.409011894276888 -0.0512292965025839 0.462496719180093 0.123432242557163 -1.6142456140022
-0.133376042372941 0.853236511455777 0.893798685377701 1.10113216061344 0.721931273315182 0.382366558067492 -0.157171278916844 0.311889364781942 0.377371407007654 -0.767593085693509
-0.160598409285697 0.815286553367643 0.90977466090082 1.05477394039189 0.682684092876369 0.352924280535589 -0.150955288455813 0.342947231107308 0.382407912331456 -0.776846199436592
-0.169515003624228 0.891977807554812 0.825882954940141 1.05084422042546 0.641625318219406 0.3595960957207 -0.0848741296302018 0.288168237346478 0.311566355192752 -2.18616251763036
-0.203317922086653 0.823335776285885 0.830993478384922 1.07590748691881 0.705652676893975 0.436578411975946 -0.0424653893869859 0.245330011661528 0.281329863684324 -2.06045716359724
-0.14638238005991 0.828170278887903 0.790933669187589 1.03657466553656 0.618681911181725 0.334622700025965 -0.119992148558931 0.263184108586031 0.356314770504568 -2.469836396867
-0.191255296961711 0.906512494678151 0.914842330838646 1.10708827051341 0.721491572583768 0.371770143426423 -0.157671510940107 0.342049427341975 0.349894312701412 -1.02528101558256
-0.14044336030882 0.842730389346656 0.857691892663504 1.0980209591116 0.679793013681471 0.416357699415175 -0.0663074905485032 0.21106120516253 0.286707127477819 -1.43063347936506
-0.186975088801402 0.828218001622737 0.874300494691753 1.08023273658649 0.673498435771612 0.396416920043972 -0.0337680862846196 0.256834631306928 0.322976963768655 -1.48283228816254
-0.140256430467973 0.872468280233474 0.861744755505583 1.09508554907669 0.725450181995922 0.436146203343137 -0.0816119626825099 0.21709750527268 0.27880641085665 -1.43063347936506
-0.167051475185121 0.945363985696279 1.09227170452323 1.17567497966552 0.74427206603593 0.322389788887645 -0.099907112464062 0.330840550568076 0.324128916422862 -0.196631102006852
-0.188689481441266 0.829365270415164 0.796343389588902 1.10508753384721 0.669794697300588 0.386573805132108 -0.112071391592702 0.301478624593621 0.276033614916424 -1.83200158550649
-0.13545363984028 0.832435677965831 0.799340189963345 1.0817097842995 0.682136674752414 0.457210188759426 -0.0397623541585907 0.184106694567336 0.234109894569793 -2.41547814335624
-0.186345929620676 0.849340871944656 0.892731972254082 1.08353748942597 0.738015902018277 0.357562139542361 -0.159086801074976 0.318820886033979 0.324938426277945 -1.15816980593018
-0.108786754755443 0.849116833224142 0.90190396616444 1.10984395539478 0.694053922119833 0.409137937150295 -0.0468653061157357 0.250761907025382 0.288084161566736 -1.72677934949642
-0.155838681548175 0.827519869539753 0.857598365157393 1.04083749836288 0.671574464246711 0.358475321490279 -0.075688576056284 0.227229113739321 0.324347446902812 -1.92774846938101
-0.179754865979853 0.89909587525358 0.931231448803034 1.02625673537069 0.670167275076336 0.36484487563041 -0.0582582017037241 0.348990826628186 0.346628224764492 -1.0826756964053
-0.149990488210192 0.812089815319803 0.843168743526035 1.06800135847553 0.747895995106213 0.473838445281961 -0.0131214237019183 0.196864696320125 0.29460784409899 -2.00193413282465
-0.167665887525459 0.83960483147407 0.83128401477539 1.0725117772855 0.694630779661017 0.364045085317251 -0.0467838407448376 0.261431638570012 0.321866905799414 -2.73394161503495
-0.109503717195084 0.891441009363563 0.88800430492486 1.05775726663532 0.663342972628347 0.324485310990563 -0.195053623765132 0.272087961308525 0.341035861190683 -2.06045716359724
-0.129355216278225 0.892522602861851 0.876131713949981 1.1330423112077 0.744993743762061 0.430119933819733 -0.0404147734238205 0.249258605746183 0.234075334965613 -1.91875915998936
-0.188425900761806 0.856059039869147 0.853010467835102 1.05386577723112 0.655703593620617 0.372234384152413 -0.134566077672153 0.288087515444986 0.3137649489392 -1.74246582262792
-0.207448845457056 0.840778147839611 0.862270159621466 1.10094356821669 0.743757430315697 0.455841031903132 -0.103313902093585 0.282324801565419 0.345666828584867 -1.1254595387043
-0.173857964685785 0.870711029360159 0.825578841867901 1.05690190612202 0.679022191239687 0.333382482066625 -0.156372374775659 0.305910781926859 0.33281274797643 -1.73460105538811
-0.182805153613721 0.823822186451802 0.871617605849941 1.05194292156559 0.631082461061268 0.374716752114354 -0.110068252643167 0.253412296356947 0.315870303133441 -1.59273107993237
-0.177774745039169 0.904451494895619 0.873560676132884 1.05399324750082 0.665827503100097 0.351547489624395 -0.119625759546479 0.317793956859787 0.3391093771277 -2.08056703420157
-0.147123637778396 0.858877226507997 0.902258245208659 1.08561807425973 0.704442462992919 0.382726541414568 -0.113842455869514 0.246482120616015 0.301439051606649 -1.65080634148274
-0.15877134620576 0.850885279855943 0.827231776082491 1.06802607941053 0.674224069635684 0.396639996007529 -0.0649987188745419 0.2381582736976 0.351716753867919 -1.69591151043793
-0.190650739331763 0.841802544855182 0.954514365732046 1.16087700249121 0.751758641656764 0.407759631087587 -0.0927521648022728 0.212386202699228 0.278625819160818 -1.05117256359655
-0.0725248533317264 0.8501117228593 0.920158051273648 1.0705805683163 0.665579987181191 0.346291806162239 -0.165655927782583 0.254517502804848 0.318195267596707 -1.07212067322113
-0.133056503008095 0.91789038344059 0.943585564061516 1.06787567934286 0.667896750560217 0.390078758779583 -0.0636594888327425 0.263657126102413 0.256444916797273 -1.48947859735512
-0.127197874067975 0.855469628630475 0.908664574665955 1.08067128996227 0.694246646996466 0.418425630145644 -0.107437006293321 0.275274273873113 0.28670712747782 -1.15267950993839
-0.190521436001321 0.92552656413355 1.01433407995322 1.15210048148705 0.741794952150241 0.423891313397414 -0.158767336987031 0.331031052454226 0.332342753421948 -1.02528101558256
-0.143655734039552 0.822950458858229 0.777234339031882 1.04023474125444 0.754903316834434 0.42365709810409 -0.101466715509419 0.211584528403894 0.323105751089143 -1.92774846938101
-0.14301129476333 0.856776207068763 0.910506186449467 1.05136198369084 0.664239081074309 0.320797712426126 -0.119508856584129 0.324173462927133 0.330953090122682 -0.90511743127603
-0.133058381433224 0.896898438464989 0.852001626093718 1.08589072887703 0.68579350350209 0.373288218495958 -0.104485582806032 0.279896718282534 0.288134185038243 -1.58562726374038
-0.24230746919128 0.923111741187493 1.03231219869824 1.15760082078596 0.687178268094398 0.421536798596136 -0.133967490420477 0.300134108648001 0.310598142580721 -0.68117098951323
-0.18237652011807 0.922207956877595 0.945579381747026 1.092851505847 0.703641870666824 0.406701465763615 -0.103571854716398 0.306191996828258 0.320919132087716 -0.880858056879505
-0.197057972785086 0.873225316222709 0.967755244787426 1.08262178838483 0.716728210738206 0.480980589712814 -0.0648243977502108 0.311429378728763 0.299879692307585 -0.781484641817632
-0.144550688584506 0.970107236749421 0.983641512730171 1.08900044288049 0.67818649376748 0.377281657971686 -0.0628095768907724 0.26223984568916 0.325139566026475 -0.939506688387301
-0.165495765588026 0.861850681756675 0.822829315415792 1.0723473677742 0.663018913888929 0.398151509702473 -0.0707186023770744 0.213791458329709 0.275146541130384 -1.71126277325962
-0.192568019893593 0.871753204844552 0.929525139361733 1.09715039763429 0.692828323824043 0.441913787527074 -0.198799125678311 0.339055393145069 0.389230759188221 -0.890532259360635
-0.143298082796312 0.835105237287303 0.877606108824275 1.07855027598775 0.638175244633123 0.385400299512426 -0.0585130843692233 0.131016257541434 0.23244032482993 -2.04065551664468
-0.152357438960173 0.864460598195706 0.9451523882238 1.08621224121959 0.670096720408422 0.396992276026071 -0.139348042611879 0.313520656528523 0.249387300577826 -0.740018949689619
-0.160340076858866 0.933829785421851 1.062705482749 1.12773816515477 0.761773889164449 0.395943585020417 -0.125010196424666 0.28318039131936 0.291925651393853 -0.929628942956383
-0.168358394009159 0.897791107875375 0.946567188197426 1.05502252015362 0.637528985873426 0.448473049367125 -0.120466593812614 0.191377308912088 0.279528316770488 -1.0826756964053
-0.178211074934297 0.875607734567791 0.955093845671033 1.08881960336425 0.640732326970809 0.404390671803376 -0.101095489706747 0.242519543441214 0.255582489312907 -0.814182251602706
